
% Column 1: Nuclide ZAI
% Column 2: Specific intensity (photons per decay)
% Column 3: Total emission rate (photons/s)
% Column 4: Cumulative fraction of material total
% Column 5: Emission line energy
% Column 6: Relative intensity (photons per decay)
% Column 7: Cumulative fraction of nuclide total

% - Note 1: The energy and intensity distributions from continuous spectra
%           are not included

mat_fuel_salt_source_burnt = [

% --- U-235 : discrete spectrum

922350 1.28655E+00 2.02137E+07 9.56593E-01 1.85715E-01 5.72000E-01 4.44599E-01
922350 1.28655E+00 2.02137E+07 9.56593E-01 1.61254E-02 1.30815E-01 5.46277E-01
922350 1.28655E+00 2.02137E+07 9.56593E-01 1.29601E-02 1.18420E-01 6.38322E-01
922350 1.28655E+00 2.02137E+07 9.56593E-01 1.43760E-01 1.09600E-01 7.23511E-01
922350 1.28655E+00 2.02137E+07 9.56593E-01 9.33474E-02 5.63176E-02 7.67285E-01
922350 1.28655E+00 2.02137E+07 9.56593E-01 1.63330E-01 5.08000E-02 8.06770E-01
922350 1.28655E+00 2.02137E+07 9.56593E-01 2.05311E-01 5.01000E-02 8.45711E-01
922350 1.28655E+00 2.02137E+07 9.56593E-01 3.06535E-03 4.55383E-02 8.81107E-01
922350 1.28655E+00 2.02137E+07 9.56593E-01 8.99570E-02 3.28931E-02 9.06674E-01
922350 1.28655E+00 2.02137E+07 9.56593E-01 1.91850E-02 2.88323E-02 9.29084E-01
922350 1.28655E+00 2.02137E+07 9.56593E-01 1.09160E-01 1.54000E-02 9.41054E-01
922350 1.28655E+00 2.02137E+07 9.56593E-01 1.31975E-02 1.52281E-02 9.52891E-01
922350 1.28655E+00 2.02137E+07 9.56593E-01 1.05602E-01 1.32471E-02 9.63187E-01
922350 1.28655E+00 2.02137E+07 9.56593E-01 2.02110E-01 1.08000E-02 9.71582E-01
922350 1.28655E+00 2.02137E+07 9.56593E-01 1.04816E-01 6.74735E-03 9.76826E-01
922350 1.28655E+00 2.02137E+07 9.56593E-01 1.94940E-01 6.30000E-03 9.81723E-01
922350 1.28655E+00 2.02137E+07 9.56593E-01 1.82610E-01 3.40000E-03 9.84366E-01
922350 1.28655E+00 2.02137E+07 9.56593E-01 1.08681E-01 3.39744E-03 9.87007E-01
922350 1.28655E+00 2.02137E+07 9.56593E-01 1.40760E-01 2.20000E-03 9.88717E-01
922350 1.28655E+00 2.02137E+07 9.56593E-01 1.08481E-01 1.69086E-03 9.90031E-01
922350 1.28655E+00 2.02137E+07 9.56593E-01 2.21380E-01 1.20000E-03 9.90963E-01
922350 1.28655E+00 2.02137E+07 9.56593E-01 7.27000E-02 1.10000E-03 9.91818E-01
922350 1.28655E+00 2.02137E+07 9.56593E-01 9.60900E-02 9.10000E-04 9.92526E-01
922350 1.28655E+00 2.02137E+07 9.56593E-01 1.50930E-01 8.00000E-04 9.93148E-01
922350 1.28655E+00 2.02137E+07 9.56593E-01 2.40870E-01 7.50000E-04 9.93731E-01
922350 1.28655E+00 2.02137E+07 9.56593E-01 7.50200E-02 6.00000E-04 9.94197E-01
922350 1.28655E+00 2.02137E+07 9.56593E-01 4.19600E-02 5.98670E-04 9.94662E-01
922350 1.28655E+00 2.02137E+07 9.56593E-01 2.46840E-01 5.30000E-04 9.95074E-01
922350 1.28655E+00 2.02137E+07 9.56593E-01 2.75129E-01 5.20000E-04 9.95478E-01
922350 1.28655E+00 2.02137E+07 9.56593E-01 1.98900E-01 4.20000E-04 9.95805E-01
922350 1.28655E+00 2.02137E+07 9.56593E-01 2.91650E-01 4.00000E-04 9.96116E-01
922350 1.28655E+00 2.02137E+07 9.56593E-01 3.45900E-01 4.00000E-04 9.96427E-01
922350 1.28655E+00 2.02137E+07 9.56593E-01 3.87820E-01 4.00000E-04 9.96738E-01
922350 1.28655E+00 2.02137E+07 9.56593E-01 3.47000E-02 3.70000E-04 9.97025E-01
922350 1.28655E+00 2.02137E+07 9.56593E-01 5.12200E-02 3.40000E-04 9.97289E-01
922350 1.28655E+00 2.02137E+07 9.56593E-01 4.14000E-02 3.00000E-04 9.97523E-01
922350 1.28655E+00 2.02137E+07 9.56593E-01 1.15450E-01 3.00000E-04 9.97756E-01
922350 1.28655E+00 2.02137E+07 9.56593E-01 2.15280E-01 2.90000E-04 9.97981E-01
922350 1.28655E+00 2.02137E+07 9.56593E-01 2.33500E-01 2.90000E-04 9.98207E-01
922350 1.28655E+00 2.02137E+07 9.56593E-01 1.20350E-01 2.64901E-04 9.98413E-01
922350 1.28655E+00 2.02137E+07 9.56593E-01 1.06315E-01 2.62765E-04 9.98617E-01
922350 1.28655E+00 2.02137E+07 9.56593E-01 1.06156E-01 2.27456E-04 9.98794E-01
922350 1.28655E+00 2.02137E+07 9.56593E-01 3.16000E-02 1.70000E-04 9.98926E-01
922350 1.28655E+00 2.02137E+07 9.56593E-01 5.42500E-02 1.53061E-04 9.99045E-01
922350 1.28655E+00 2.02137E+07 9.56593E-01 6.43500E-02 1.27451E-04 9.99144E-01
922350 1.28655E+00 2.02137E+07 9.56593E-01 1.36550E-01 1.20000E-04 9.99237E-01
922350 1.28655E+00 2.02137E+07 9.56593E-01 7.61980E-02 8.00000E-05 9.99299E-01
922350 1.28655E+00 2.02137E+07 9.56593E-01 1.08972E-01 7.61225E-05 9.99358E-01
922350 1.28655E+00 2.02137E+07 9.56593E-01 2.28780E-01 7.00000E-05 9.99413E-01
922350 1.28655E+00 2.02137E+07 9.56593E-01 2.75430E-01 7.00000E-05 9.99467E-01
922350 1.28655E+00 2.02137E+07 9.56593E-01 2.89560E-01 7.00000E-05 9.99522E-01
922350 1.28655E+00 2.02137E+07 9.56593E-01 1.08934E-01 6.57559E-05 9.99573E-01
922350 1.28655E+00 2.02137E+07 9.56593E-01 1.95900E-02 6.09939E-05 9.99620E-01
922350 1.28655E+00 2.02137E+07 9.56593E-01 1.73300E-01 6.00000E-05 9.99667E-01
922350 1.28655E+00 2.02137E+07 9.56593E-01 2.66450E-01 6.00000E-05 9.99713E-01
922350 1.28655E+00 2.02137E+07 9.56593E-01 2.81420E-01 6.00000E-05 9.99760E-01
922350 1.28655E+00 2.02137E+07 9.56593E-01 2.82920E-01 6.00000E-05 9.99807E-01
922350 1.28655E+00 2.02137E+07 9.56593E-01 1.42400E-01 5.00000E-05 9.99846E-01
922350 1.28655E+00 2.02137E+07 9.56593E-01 3.01700E-01 5.00000E-05 9.99884E-01
922350 1.28655E+00 2.02137E+07 9.56593E-01 3.56030E-01 5.00000E-05 9.99923E-01
922350 1.28655E+00 2.02137E+07 9.56593E-01 3.43500E-01 3.00000E-05 9.99947E-01
922350 1.28655E+00 2.02137E+07 9.56593E-01 4.10290E-01 3.00000E-05 9.99970E-01
922350 1.28655E+00 2.02137E+07 9.56593E-01 3.17100E-01 1.00000E-05 9.99978E-01
922350 1.28655E+00 2.02137E+07 9.56593E-01 4.28710E-01 1.00000E-05 9.99985E-01
922350 1.28655E+00 2.02137E+07 9.56593E-01 4.48400E-01 1.00000E-05 9.99993E-01
922350 1.28655E+00 2.02137E+07 9.56593E-01 5.41000E-02 8.76777E-06 1.00000E+00

% --- U-238 : discrete spectrum

922380 9.12115E-02 9.17236E+05 1.00000E+00 1.61500E-02 3.70723E-02 4.06444E-01
922380 9.12115E-02 9.17236E+05 1.00000E+00 1.29598E-02 3.03845E-02 7.39565E-01
922380 9.12115E-02 9.17236E+05 1.00000E+00 3.06132E-03 1.08077E-02 8.58056E-01
922380 9.12115E-02 9.17236E+05 1.00000E+00 1.91488E-02 8.22877E-03 9.48272E-01
922380 9.12115E-02 9.17236E+05 1.00000E+00 1.34401E-02 3.95346E-03 9.91616E-01
922380 9.12115E-02 9.17236E+05 1.00000E+00 4.95500E-02 6.40000E-04 9.98633E-01
922380 9.12115E-02 9.17236E+05 1.00000E+00 1.13500E-01 1.02000E-04 9.99751E-01
922380 9.12115E-02 9.17236E+05 1.00000E+00 9.33474E-02 1.10745E-05 9.99873E-01
922380 9.12115E-02 9.17236E+05 1.00000E+00 8.99570E-02 6.71287E-06 9.99946E-01
922380 9.12115E-02 9.17236E+05 1.00000E+00 1.05602E-01 2.52243E-06 9.99974E-01
922380 9.12115E-02 9.17236E+05 1.00000E+00 1.04816E-01 1.29143E-06 9.99988E-01
922380 9.12115E-02 9.17236E+05 1.00000E+00 1.08681E-01 6.45488E-07 9.99995E-01
922380 9.12115E-02 9.17236E+05 1.00000E+00 1.08481E-01 3.21250E-07 9.99999E-01
922380 9.12115E-02 9.17236E+05 1.00000E+00 1.06315E-01 4.99233E-08 9.99999E-01
922380 9.12115E-02 9.17236E+05 1.00000E+00 1.06156E-01 4.32170E-08 1.00000E+00
922380 9.12115E-02 9.17236E+05 1.00000E+00 1.08972E-01 1.44627E-08 1.00000E+00
922380 9.12115E-02 9.17236E+05 1.00000E+00 1.08934E-01 1.24931E-08 1.00000E+00
];

mat_fuel_salt_source_burnt_vol = 6.45350E+02;
mat_fuel_salt_source_burnt_tot = 2.11309E+07;

tot = 2.11309E+07;

